1 0 14 1
2 0 14 1
3 0 4546 1
4 0 4546 1
5 0 4546 1
6 0 4546 1
7 0 4546 1
8 0 4546 1
9 0 4546 1
10 0 4546 1
11 0 5169 1
12 0 5169 1
13 0 5231 1
14 0 5231 1
15 0 5231 1
16 0 5231 1
17 0 5234 1
18 0 5236 1
19 0 5237 1
20 0 5239 1
21 0 5240 1
22 0 5240 1
23 0 5240 1
24 0 5240 1
25 0 5689 1
26 0 5696 1
27 0 5696 1
28 0 5696 1
29 0 5696 1
30 0 5699 1
31 0 5704 1
32 0 6744 1
33 0 6744 1
34 0 7423 1
35 0 7423 1
36 0 7443 1
37 0 7443 1
38 0 7443 1
39 0 7443 1
40 0 7443 1
41 0 7506 1
42 0 7518 1
43 0 7532 1
44 0 7546 1
45 0 7546 1
46 0 7608 1
47 0 7617 1
48 0 7617 1
49 0 7756 1
50 0 7928 1
51 0 7928 1
52 0 8109 1
53 0 8113 1
54 0 8113 1
55 0 8118 1
56 0 8118 1
57 0 8133 1
58 0 8133 1
59 0 8233 1
60 0 8233 1
61 0 8324 1
62 0 8324 1
63 0 8324 1
64 0 8324 1
65 0 8438 1
66 0 8459 1
67 0 9106 1
68 0 9106 1
69 0 9106 1
70 0 9106 1
71 0 9106 1
72 0 9106 1
73 0 10291 1
74 0 10291 1
75 0 10345 1
76 0 10375 1
77 0 10375 1
78 0 10375 1
79 0 10931 1
80 0 10931 1
81 0 10931 1
82 0 11104 1
83 0 11104 1
84 0 11592 1
85 0 11592 1
86 0 11666 1
87 0 11667 1
88 0 12362 1
89 0 12362 1
90 0 12386 1
91 0 12386 1
92 0 12405 1
93 0 12405 1
94 0 12450 1
95 0 12450 1
96 0 13309 1
97 0 13460 1
98 0 13460 1
99 0 13460 1
100 0 13485 1
101 0 13485 1
102 0 13993 1
103 0 13993 1
104 0 14398 1
105 0 14398 1
106 0 14504 1
107 0 14504 1
108 0 14606 1
109 0 14606 1
110 0 14606 1
111 0 14606 1
112 0 14800 1
113 0 14800 1
114 0 15257 1
115 0 15257 1
116 0 15261 1
117 0 15261 1
118 0 15712 1
119 0 15712 1
120 0 15712 1
121 0 17466 1
122 0 18414 1
123 0 18414 1
124 0 19545 1
125 0 19545 1
126 0 20511 1
127 0 21354 1
128 0 21354 1
129 0 21734 1
130 0 21734 1
131 0 25578 1
132 0 25578 1
133 0 26317 1
134 0 26652 1
135 0 26652 1
136 0 26653 1
137 0 26653 1
138 0 27065 1
139 0 27528 1
140 0 27528 1
141 0 27742 1
142 0 28139 1
143 0 28139 1
144 0 28139 1
145 0 28139 1
146 0 28139 1
147 0 28139 1
148 0 28139 1
149 0 32505 1
150 0 32598 1
151 0 35835 1
152 0 35835 1
153 0 38860 1
154 0 38860 1
155 0 40892 1
156 0 43533 1
157 0 43533 1
158 0 44131 1
159 0 44131 1
160 0 47835 1
161 0 47835 1
162 0 48601 1
163 0 48601 1
164 0 48601 1
165 0 48601 1
166 0 48645 1
167 0 49414 1
168 0 49414 1
169 0 49414 1
170 0 49417 1
171 0 49661 1
172 0 49661 1
173 0 49662 1
174 0 49662 1
175 0 52938 1
176 0 55693 1
177 0 55693 1
178 0 55693 1
179 0 56251 1
180 0 56870 1
181 0 56870 1
182 0 58282 1
183 0 58282 1
184 0 61996 1
185 0 63373 1
186 0 63373 1
187 0 63503 1
188 0 63824 1
189 0 63824 1
190 0 63853 1
191 0 63853 1
192 0 63872 1
193 0 64239 1
194 0 64294 1
195 0 64294 1
196 0 64604 1
197 0 64604 1
198 0 64604 1
199 0 64946 1
200 0 64961 1
201 0 64972 1
202 0 64972 1
203 0 64972 1
204 0 64976 1
205 0 64980 1
206 0 64980 1
207 0 64986 1
208 0 64986 1
209 0 64986 1
210 0 65433 1
211 0 65433 1
212 0 65435 1
213 0 65436 1
214 0 65436 1
215 0 65437 1
216 0 65437 1
217 0 65438 1
218 0 65627 1
219 0 65627 1
220 0 65628 1
221 0 65628 1
222 0 65630 1
223 0 65630 1
224 0 66470 1
225 0 66470 1
226 0 66935 1
227 0 66940 1
228 0 66940 1
229 0 66943 1
230 0 66961 1
231 0 66977 1
232 0 66993 1
233 0 66993 1
234 0 66999 1
235 0 66999 1
236 0 67022 1
237 0 67023 1
238 0 67026 1
239 0 67042 1
240 0 67055 1
241 0 67055 1
242 0 67060 1
243 0 67060 1
244 0 67074 1
245 0 67074 1
246 0 67154 1
247 0 67154 1
248 0 67155 1
249 0 67155 1
250 0 67156 1
251 0 67160 1
252 0 67160 1
253 0 67163 1
254 0 67163 1
255 0 67169 1
256 0 68246 1
257 0 69001 1
258 0 69052 1
259 0 69058 1
260 0 69058 1
261 0 69415 1
262 0 69415 1
263 0 71665 1
264 0 71665 1
265 0 75364 1
266 0 75364 1
267 0 76360 1
268 0 76360 1
269 0 76360 1
270 0 76418 1
271 0 76897 1
272 0 76897 1
273 0 77247 1
274 0 77247 1
275 0 78017 1
276 0 78017 1
277 0 82997 1
278 0 82997 1
279 0 82997 1
280 0 83097 1
281 0 83948 1
282 0 83948 1
283 0 88150 1
284 0 88644 1
285 0 91115 1
286 0 91115 1
287 0 91135 1
288 0 94066 1
289 0 94066 1
290 0 94085 1
291 0 96331 1
292 0 96331 1
293 0 97737 1
294 0 97737 1
295 0 97885 1
296 0 97885 1
297 0 97885 1
298 0 97885 1
299 0 97885 1
300 0 98825 1
301 0 98825 1
302 0 98825 1
303 0 99226 1
304 0 99226 1
305 0 99633 1
306 0 99633 1
307 0 103586 1
308 0 103586 1
309 0 103586 1
310 0 103829 1
311 0 103829 1
312 0 106797 1
313 0 110068 1
314 0 112119 1
315 0 112119 1
316 0 112160 1
317 0 112160 1
318 0 120157 1
319 0 121441 1
320 0 121695 1
321 0 121961 1
322 0 122227 1
323 0 124121 1
324 0 124121 1
325 0 125372 1
326 0 125372 1
327 0 129647 1
328 0 129647 1
329 0 133396 1
330 0 135897 1
331 0 137379 1
332 0 138615 1
333 0 142011 1
334 0 142011 1
335 0 143854 1
336 0 143854 1
337 0 144608 1
338 0 144608 1
339 0 144608 1
340 0 163033 1
341 0 163033 1
342 0 163554 1
343 0 166719 1
344 0 169317 1
345 0 169669 1
346 0 169669 1
347 0 173625 1
348 0 173988 1
349 0 174909 1
350 0 174909 1
351 0 174909 1
352 0 178475 1
353 0 178475 1
354 0 186927 1
355 0 186927 1
356 0 186927 1
357 0 186936 1
358 0 186936 1
359 0 186936 1
360 0 186936 1
361 0 187787 1
362 0 188293 1
363 0 190837 1
364 0 190837 1
365 0 191316 1
366 0 191316 1
367 0 193802 1
368 0 193802 1
369 0 193802 1
370 0 197286 1
371 0 197286 1
372 0 198801 1
373 0 198801 1
374 0 198801 1
375 0 200749 1
376 0 200749 1
377 0 208863 1
378 0 208863 1
379 0 208882 1
380 0 211010 1
381 0 211010 1
382 0 212289 1
383 0 212289 1
384 0 214380 1
385 0 214380 1
386 0 214380 1
387 0 214582 1
388 0 215615 1
389 0 215615 1
390 0 217503 1
391 0 218885 1
392 0 218885 1
393 0 219279 1
394 0 219279 1
395 0 219279 1
396 0 219423 1
397 0 219423 1
398 0 224613 1
399 0 224613 1
400 0 224613 1
401 0 224613 1
402 0 224613 1
403 0 224613 1
404 0 224613 1
405 0 224613 1
406 0 224613 1
407 0 224613 1
408 0 224613 1
409 0 224765 1
410 0 228064 1
411 0 233699 1
412 0 247194 1
413 0 247194 1
414 0 247985 1
415 0 254453 1
416 0 254542 1
417 0 254542 1
418 0 258855 1
419 0 258855 1
420 0 258859 1
421 0 258859 1
422 0 258982 1
423 0 258982 1
424 0 258989 1
425 0 259001 1
426 0 259001 1
427 0 259001 1
428 0 259746 1
429 0 259746 1
430 0 267221 1
431 0 271251 1
432 0 271251 1
433 0 274297 1
434 0 274297 1
435 0 274297 1
436 0 278461 1
437 0 278925 1
438 0 278925 1
439 0 278925 1
440 0 279590 1
441 0 279590 1
442 0 281832 1
443 0 281832 1
444 0 282680 1
445 0 282680 1
446 0 283000 1
447 0 283000 1
448 0 283586 1
449 0 284240 1
450 0 284858 1
451 0 284858 1
452 0 285002 1
453 0 286295 1
454 0 286373 1
455 0 286382 1
456 0 286382 1
457 0 286480 1
458 0 286480 1
459 0 286486 1
460 0 286486 1
461 0 286486 1
462 0 286486 1
463 0 286497 1
464 0 286609 1
465 0 286705 1
466 0 286705 1
467 0 286728 1
468 0 286728 1
469 0 286752 1
470 0 286777 1
471 0 286847 1
472 0 286847 1
473 0 286993 1
474 0 287011 1
475 0 287011 1
476 0 287021 1
477 0 287021 1
478 0 287046 1
479 0 287163 1
480 0 287163 1
481 0 287163 1
482 0 287193 1
483 0 287193 1
484 0 287214 1
485 0 287214 1
486 0 287266 1
487 0 287266 1
488 0 287266 1
489 0 287313 1
490 0 287313 1
491 0 287345 1
492 0 287345 1
493 0 287424 1
494 0 287424 1
495 0 287427 1
496 0 287514 1
497 0 287538 1
498 0 287647 1
499 0 287647 1
500 0 287729 1
501 0 287729 1
502 0 287842 1
503 0 287842 1
504 0 287882 1
505 0 287882 1
506 0 287882 1
507 0 287891 1
508 0 287891 1
509 0 287965 1
510 0 287965 1
511 0 287998 1
512 0 288642 1
513 0 288642 1
514 0 288648 1
515 0 288709 1
516 0 288847 1
517 0 288847 1
518 0 289017 1
519 0 289017 1
520 0 289291 1
521 0 289291 1
522 0 290224 1
523 0 290224 1
524 0 290821 1
525 0 290934 1
526 0 290934 1
527 0 290934 1
528 0 291413 1
529 0 291602 1
530 0 291602 1
531 0 293728 1
532 0 293728 1
533 0 294396 1
534 0 294541 1
535 0 294541 1
536 0 294541 1
537 0 294670 1
538 0 295689 1
539 0 295689 1
540 0 297140 1
541 0 299503 1
542 0 299586 1
543 0 299586 1
544 0 300571 1
545 0 300573 1
546 0 301421 1
547 0 301421 1
548 0 302157 1
549 0 303405 1
550 0 303405 1
551 0 305518 1
552 0 305518 1
553 0 305518 1
554 0 308473 1
555 0 308473 1
556 0 310614 1
557 0 310614 1
558 0 310614 1
559 0 310614 1
560 0 311268 1
561 0 311369 1
562 0 311755 1
563 0 311755 1
564 0 315836 1
565 0 315871 1
566 0 315871 1
567 0 315956 1
568 0 315961 1
569 0 315961 1
570 0 317005 1
571 0 317005 1
572 0 317402 1
573 0 317402 1
574 0 317402 1
575 0 317402 1
576 0 317402 1
577 0 317402 1
578 0 317402 1
579 0 320096 1
580 0 320422 1
581 0 321646 1
582 0 321646 1
583 0 322103 1
584 0 322103 1
585 0 322106 1
586 0 322180 1
587 0 322180 1
588 0 322196 1
589 0 322229 1
590 0 322229 1
591 0 322229 1
592 0 323469 1
593 0 323822 1
594 0 323822 1
595 0 324211 1
596 0 324211 1
597 0 326696 1
598 0 326696 1
599 0 327737 1
600 0 327737 1
601 0 327737 1
602 0 328778 1
603 0 328828 1
604 0 328828 1
605 0 328828 1
606 0 331607 1
607 0 332503 1
608 0 332503 1
609 0 333558 1
610 0 333573 1
611 0 333573 1
612 0 334523 1
613 0 334523 1
614 0 334523 1
615 0 334523 1
616 0 334523 1
617 0 334523 1
618 0 334523 1
619 0 334629 1
620 0 334925 1
621 0 334925 1
622 0 338599 1
623 0 340469 1
624 0 340469 1
625 0 341446 1
626 0 342768 1
627 0 346218 1
628 0 347229 1
629 0 347291 1
630 0 347291 1
631 0 347653 1
632 0 348932 1
633 0 348932 1
634 0 349280 1
635 0 353104 1
636 0 354582 1
637 0 354582 1
638 0 354590 1
639 0 354590 1
640 0 354598 1
641 0 354602 1
642 0 355299 1
643 0 355326 1
644 0 355326 1
645 0 355532 1
646 0 355532 1
647 0 355532 1
648 0 355701 1
649 0 355701 1
650 0 356230 1
651 0 356230 1
652 0 356348 1
653 0 356348 1
654 0 356390 1
655 0 356390 1
656 0 356427 1
657 0 356427 1
658 0 356888 1
659 0 357232 1
660 0 357232 1
661 0 357247 1
662 0 357247 1
663 0 357529 1
664 0 357539 1
665 0 357567 1
666 0 357571 1
667 0 357573 1
668 0 357573 1
669 0 357632 1
670 0 357639 1
671 0 357639 1
672 0 357639 1
673 0 357651 1
674 0 357655 1
675 0 357920 1
676 0 357925 1
677 0 357930 1
678 0 357937 1
679 0 357937 1
680 0 357938 1
681 0 357938 1
682 0 357938 1
683 0 357941 1
684 0 357941 1
685 0 357948 1
686 0 357959 1
687 0 357960 1
688 0 357960 1
689 0 357961 1
690 0 358144 1
691 0 358144 1
692 0 358146 1
693 0 358146 1
694 0 358148 1
695 0 358153 1
696 0 358287 1
697 0 358287 1
698 0 358362 1
699 0 358465 1
700 0 358662 1
701 0 358662 1
702 0 358662 1
703 0 358662 1
704 0 358952 1
705 0 358952 1
706 0 359034 1
707 0 359057 1
708 0 359107 1
709 0 359805 1
710 0 359867 1
711 0 360092 1
712 0 360475 1
713 0 361365 1
714 0 361657 1
715 0 361838 1
716 0 361838 1
717 0 361838 1
718 0 361895 1
719 0 361898 1
720 0 361898 1
721 0 362182 1
722 0 362342 1
723 0 362682 1
724 0 362682 1
725 0 363496 1
726 0 363496 1
727 0 363496 1
728 0 363546 1
729 0 363643 1
730 0 363889 1
731 0 363918 1
732 0 363918 1
733 0 363918 1
734 0 363918 1
735 0 364182 1
736 0 364182 1
737 0 364182 1
738 0 364182 1
739 0 364182 1
740 0 365970 1
741 0 366214 1
742 0 366214 1
743 0 366361 1
744 0 366361 1
745 0 366361 1
746 0 369003 1
747 0 369085 1
748 0 370896 1
749 0 371704 1
750 0 371704 1
751 0 371704 1
752 0 371708 1
753 0 371708 1
754 0 371708 1
755 0 371708 1
756 0 376368 1
757 0 376368 1
758 0 376368 1
759 0 377544 1
760 0 377544 1
761 0 381472 1
762 0 381472 1
763 0 381472 1
764 0 383100 1
765 0 384176 1
766 0 384176 1
767 0 385470 1
768 0 389626 1
769 0 389626 1
770 0 389626 1
771 0 390726 1
772 0 390726 1
773 0 390842 1
774 0 390931 1
775 0 392265 1
776 0 392265 1
777 0 397473 1
778 0 397473 1
779 0 398519 1
780 0 398697 1
781 0 399134 1
782 0 399134 1
783 0 399134 1
784 0 399134 1
785 0 399134 1
786 0 399134 1
787 0 399134 1
788 0 399247 1
789 0 401476 1
790 0 401476 1
791 0 401829 1
792 0 401829 1
793 0 401857 1
794 0 402566 1
795 0 402680 1
796 0 404508 1
797 0 404508 1
798 0 405198 1
799 0 405198 1
800 0 406949 1
801 0 406949 1
802 0 407844 1
803 0 407844 1
804 0 409012 1
805 0 409213 1
806 0 409213 1
807 0 409213 1
808 0 410519 1
809 0 410519 1
810 0 412278 1
811 0 413006 1
812 0 413006 1
813 0 413237 1
814 0 413288 1
815 0 413288 1
816 0 414315 1
817 0 417134 1
818 0 419978 1
819 0 422002 1
820 0 423164 1
821 0 423164 1
822 0 426931 1
823 0 426931 1
824 0 427501 1
825 0 429888 1
826 0 429888 1
827 0 432755 1
828 0 432755 1
829 0 432858 1
830 0 433136 1
831 0 433136 1
832 0 433240 1
833 0 433240 1
834 0 433258 1
835 0 433258 1
836 0 446401 1
837 0 446401 1
838 0 446401 1
839 0 446401 1
840 0 446650 1
841 0 447915 1
842 0 450598 1
843 0 453242 1
844 0 453408 1
845 0 453408 1
846 0 455260 1
847 0 459031 1
848 0 459031 1
849 0 459149 1
850 0 459149 1
851 0 459149 1
852 0 459976 1
853 0 459976 1
854 0 459976 1
855 0 460686 1
856 0 460686 1
857 0 462459 1
858 0 465020 1
